002338
000688
007345
006505
006589
004225
003593
002726
002621
003988
004995
003732
001271
002846
003558
001978
003950
002736
001749
003583
002672
006511
004015
007086
004880
004913
005074
006089
004173
006845
003924
001892
004443
000088
003314
000605
001489
004138
003799
001960
006617
003299
002715
006435
002968
002824
006437
004215
002282
002765
001462
003208
001526
004194
005134
001667
004676
004879
001939
002109
007404
003329
004463
005262
006933
003064
006993
006448
006867
001584
003131
003901
002763
002355
005731
007323
000925
002011
000957
002266
004341
002264
004315
000803
004957
005382
003945
001941
005435
005015
001695
006759
006328
002967
004370
001148
000059
003358
005228
002186
004325
007479
004124
001777
004982
004233
005217
003798
000464
004167
000916
003249
006336
006737
000783
000765
005415
005323
000583
000728
006432
004953
001643
007152
001560
002817
003746
004718
007379
007446
004487
001966
000144
002348
003469
001998
004653
007233
001653
000834
003093
000968
003813
004030
001592
000694
006080
001805
000141
001163
002102
001479
004833
004245
001662
004688
006566
005303
001830
001210
004766
002757
000281
005195
002605
005021
001795
003364
006301
007402
001577
003756
002486
002450
002960
007365
003089
002463
006562
002331
001812
004563
006660
003443
004846
003173
005723
004722
003634
004648
005578
002696
006406
004039
006783
001562
003864
001040
005621
007181
002244
002671
003030
001044
001156
000016
000292
002577
003331
007095
002140
000500
000679
002803
001957
004640
001487
000050
007340
000934
003169
000138
006687
006337
006242
002083
001415
002879
002309
003607
006625
003392
003378
006963
003321
002538
004777
003086
002159
003243
005009
002296
004585
007016
001684
004404
001881
003936
004097
000391
006519
003540
000593
000109
005129
004476
003406
007036
004422
007003
003384
007223
003812
006881
006771
005260
006390
001000
005694
004010
002921
003766
006248
004056
006718
006363
001502
004382
001425
005097
001375
006559
005040
003580
001007
006152
006340
001914
001192
004007
000856
006571
001548
003062
001418
000628
006249
007409
002498
004152
003085
002046
004513
003115
006085
006307
006404
003729
004047
005830
004543
006483
002426
006635
006232
002901
001723
006053
004314
005291
005059
006393
003207
003164
001483
005042
000026
002837
000334
006449
006364
007255
000533
001493
000881
000806
003604
006848
005690
002417
001534
004348
000668
001119
002433
000788
001519
002622
003931
006451
002781
005757
000894
006789
000270
005278
001290
003964
003374
002263
006426
007338
004695
006603
001207
005200
000103
000196
004509
004064
001080
001937
006578
000414
001513
004309
002655
006946
005028
004217
006246
005328
006778
003938
002285
000984
004519
004944
005994
004834
000629
003717
000608
002948
001757
002728
001857
002024
000423
001098
007234
003398
005715
006402
006515
004670
004520
003506
001183
006259
003136
002269
005043
006423
003679
002427
005853
000985
003553
001847
001953
002833
004336
000662
000769
003541
005676
006091
001962
006592
003802
001543
006854
005462
005742
004532
007381
005467
004445
000231
002853
000312
001429
005709
001520
001359
007146
002367
000337
005899
000824
002190
003080
002553
005227
000104
003101
005268
006659
004303
007430
004824
002992
003513
002581
002438
006460
005392
004645
005566
005324
003927
002614
007225
006185
003571
003800
005960
005873
001470
004479
003045
003601
007201
000438
001048
003663
000487
007186
006874
001809
005207
005843
003185
000907
005706
003879
002903
006840
003921
005255
000241
003415
001018
002575
006079
004934
005318
006299
002047
002068
004572
001732
000841
001397
001069
004752
000096
005984
004133
004226
005335
002766
005503
002547
002162
004456
001187
003489
005890
002374
004229
000206
004477
000501
006418
000240
001233
004538
004818
005281
002221
007298
000567
005754
005596
004918
005678
000739
000187
004389
007390
006158
004367
003277
004418
002870
000778
004244
007220
002467
003871
001553
003497
003977
003002
000175
004544
004708
006755
003342
006554
006191
001624
002403
002315
001127
001482
003024
005774
005912
001620
001057
005575
006422
002878
003494
004459
005457
003199
003422
003210
004641
003049
003416
000522
006466
007453
006772
001279
001789
000245
000794
000239
006157
002153
002732
004386
003240
001532
006502
003712
000562
001566
002105
000830
004137
000924
002971
006165
002847
001698
000918
006754
005385
004634
001283
005225
002005
005880
000508
001144
003905
006379
001073
003660
005993
001241
002697
004369
005565
005610
005181
001455
005395
000318
004266
004595
004446
005739
005427
003427
000718
007050
002943
001815
000013
002635
001383
001568
005788
002104
003691
003846
005640
003973
006849
003087
000495
002384
001180
003737
003479
002717
001282
007230
002411
001611
005343
003084
003951
002483
006995
000155
003849
006574
001445
006130
007240
006770
001696
003823
001948
007411
006416
003094
004205
005122
003699
005760
002659
002828
002653
001012
003347
000707
006882
004415
002764
005037
000066
000482
005677
007357
002741
006042
002558
005051
004977
006752
001248
007092
002250
002136
000085
004179
004667
002838
001936
002849
005149
001166
003773
002742
006876
002604
000497
005636
006974
004866
006342
006760
000401
005557
000817
001343
003383
003176
003040
003787
005358
004839
006321
003266
001289
003937
003296
001257
000966
002356
002947
003531
000418
002652
005704
001325
000355
000361
003635
004739
002139
000687
005834
006008
003272
003947
002080
001985
000188
006072
007281
000373
007176
003357
006651
004533
003484
007013
004400
000889
006542
002935
002459
004510
006669
004633
006658
000359
006533
003097
006027
000540
004473
006850
002198
002056
001284
001268
004518
003915
001403
003902
000796
003171
001768
006077
000474
002640
000377
002476
000365
004917
000479
001294
005889
000389
001270
001059
005601
004638
007328
003752
002350
003857
002644
003549
004628
001728
007165
002690
001171
002142
007106
001313
002330
003959
002966
002851
000581
000192
002798
006459
004797
002874
005375
000699
005338
006805
004022
000419
005414
001975
006776
007261
001137
007068
005144
001104
000848
003000
000695
005835
006825
005472
003099
006909
000970
000083
006716
006464
004749
007187
000723
001074
005547
005921
003825
005237
000174
003141
005272
004355
003473
007408
005952
002579
005366
007376
000715
004719
000536
003636
000541
003942
005735
001904
000258
006884
002995
006646
002955
000484
006063
004264
003202
001893
001095
006697
003777
002845
000672
004970
007292
001320
003137
005409
002345
005773
000354
002985
006101
005223
004284
006383
002532
000090
000544
001447
000524
003425
003872
004933
006521
000425
002349
002081
000777
006247
003570
006526
004823
006877
000121
003980
002534
003828
007256
006403
005647
003851
005819
000772
002423
005496
006694
005331
005848
000726
001902
000044
004189
005569
007274
004383
006015
007218
001887
007077
001871
005439
006727
002506
000272
003824
003055
001567
005717
000612
002215
001781
001317
005325
003893
000274
004492
004668
003643
007297
003797
001161
004239
003620
003790
003678
004186
001769
002931
005521
002093
005374
005669
002078
001694
004092
005500
000742
000523
000616
001238
007477
000947
007107
001831
003920
001461
004631
000888
004261
003371
003003
003608
002276
004158
002650
004992
000634
005105
006829
004256
004240
003310
006329
002612
007313
001827
006482
001235
004081
000160
000710
004255
005707
002375
006858
005273
004835
001494
007442
006269
001823
001764
000183
003858
001835
000987
002678
002586
000507
006701
003783
004905
005685
000325
001709
005724
002970
001027
000759
000008
000037
003519
005887
000859
007284
002366
007169
001607
003985
006049
004888
001626
007144
005571
001822
001855
003873
002415
000587
005461
002172
000914
001627
005698
002445
003498
000321
003365
003944
002308
006774
001428
007410
005697
002807
002164
002273
007247
000074
002773
007290
005645
002255
005729
003449
004637
000513
003218
000689
001453
002674
000578
000257
003894
005775
004832
000005
000472
006984
004123
000191
005412
002207
003120
003454
000802
003673
005702
003067
004347
007138
004740
005497
000304
002203
006298
003426
007099
001525
006499
002130
007185
006366
000598
001547
003814
000382
003100
002767
006520
004066
006325
002398
005659
006052
007188
005736
002103
000157
002310
004908
004150
000473
003189
005267
003175
003698
002137
003898
001347
003119
007063
003865
003315
006681
004002
001391
000186
006510
002592
004308
002108
003745
000958
007364
004311
000526
005929
000502
003083
006843
004553
001076
005600
003001
004496
005289
002077
000001
004149
007466
007164
002026
004852
001358
005671
001740
006656
001890
000485
001205
002660
004586
003493
002896
004122
001164
001915
005559
000262
001355
005482
001436
002884
003827
001903
000056
004504
001778
005211
006652
006747
003167
006740
002336
002434
002733
002730
007343
005795
003662
000009
002531
000340
005253
001995
007177
002615
003259
006570
003569
001573
000979
006271
001999
000273
005732
001115
002867
000814
002895
003212
001393
006135
005632
001503
000808
006777
006888
007469
001193
002260
007253
002042
000207
003125
003626
001146
002166
000300
000446
002037
004840
006649
000782
004863
001597
007193
004170
001837
002759
003034
007009
001222
004999
001401
007038
006413
005869
003906
006981
006610
006171
003822
000415
005362
005615
006705
006806
003074
007083
003596
004577
005069
000460
007448
002489
006675
003877
006326
005617
004131
004271
000930
006661
001968
005447
002006
006429
003946
001467
000576
002769
000993
000417
006166
000642
003505
002633
002257
003644
000014
007349
004660
002360
002311
006334
001008
005317
004437
004184
006696
001861
004455
005983
006322
001408
001808
002783
001406
002771
002685
001452
001722
000591
003351
000761
001382
007420
006816
006636
003326
002852
001739
000614
002243
000597
005658
000655
005393
001561
000439
002823
004363
003989
006903
003716
005257
004928
003692
001491
004332
006348
005602
001011
006654
003556
004293
001674
006199
005406
002145
006905
000227
006044
002497
000421
007175
005003
005927
001521
007348
000518
001475
002620
004425
000804
005357
005820
004971
005111
005902
001342
004621
005428
006691
003904
005517
004230
001281
000860
000348
006264
003862
001152
006968
001398
004076
006219
004330
004661
005935
007279
004083
003219
004164
003860
001836
000705
002507
005199
003186
001748
001239
006391
006612
006832
004754
005068
006126
000512
006161
004629
002630
003806
005634
006317
003689
002572
002699
002784
000974
005792
005934
007339
003381
000738
006749
003179
001402
000638
001742
002073
000729
000152
003615
006650
006254
003671
002019
004545
003363
006595
000744
001427
007241
003810
003647
000180
005947
006221
000276
001085
006769
001136
001021
003213
001394
006952
001252
000831
000943
005642
001287
003574
006137
000129
003268
002318
006918
003475
000293
007463
005771
003740
005390
004273
000198
001518
004659
000447
000112
003762
006808
000058
001036
004584
001720
006103
001664
004199
004853
000054
000840
004581
005726
005164
004214
004243
005367
002808
006960
003726
002397
005746
000091
005110
003238
005922
006167
001039
005589
005130
002969
002239
000283
001045
006791
004684
002706
004551
005780
000376
001168
000572
003709
003960
005297
006407
004877
007180
001243
005787
005971
006306
002272
006436
007439
000228
003073
002050
000644
002370
001841
003743
000084
002148
002978
004948
003293
001150
001191
007075
004613
006936
004935
000650
006738
002940
003428
005032
003998
001559
001370
003046
005080
007449
004136
004893
000022
005058
000673
004352
002688
006509
001439
000589
000724
004561
004892
001671
001120
002638
003385
003393
003036
004494
002520
002040
005519
004237
004775
002602
000494
000168
002523
007291
006762
001969
003356
003146
006786
003177
005389
006305
004872
003048
006925
000316
001492
000712
007071
000234
005453
001363
001938
004554
000624
002429
007401
004454
004207
002212
005837
000766
003226
004335
006798
001668
007102
006151
004531
001636
006892
002240
002444
004366
004796
006557
005288
000670
004148
003026
005495
003023
000221
004912
001552
005327
002458
004057
006014
006038
005540
000080
002402
005748
007263
004045
001262
001527
006913
006028
006388
001675
007232
004666
004630
001509
006115
004009
003852
000087
001424
003289
000743
002120
006992
000503
003178
003433
005752
005741
003439
000406
001531
001430
007104
001997
000463
004714
003552
006594
003926
004958
000408
004781
001992
002251
000428
005484
000755
005509
003011
004153
005113
006820
004764
004963
002908
004850
003245
004972
006886
001310
005052
003853
002455
007134
002453
000205
006855
002134
000246
001093
004588
003887
004984
007189
002991
007213
004306
001652
001899
000771
000475
006108
000165
003196
002941
000553
002887
005329
006608
005968
005363
000400
005180
000007
002877
003079
005538
007238
006292
002012
002017
006315
000322
000483
001727
005226
004281
000584
006812
003984
002709
001022
007022
002234
002596
005072
007367
006976
006465
002588
004163
006296
001729
004891
000646
005801
000049
002573
005131
000590
005212
000107
006609
000314
004790
004037
002337
003005
005850
001646
002437
005034
004073
001052
001818
006367
003557
002114
004091
002299
005165
000413
004193
004574
001228
003281
003598
005793
003991
007148
004782
003739
000021
006763
003366
005198
001703
002147
004288
000236
006276
002747
002222
002359
003063
005977
006118
000727
004482
005714
004334
004484
004525
003104
003535
005372
000125
004703
006488
000268
003563
003730
006596
003316
002698
007088
006810
007254
007388
003703
004041
003410
005464
004698
004135
007391
002151
004801
000132
003476
001485
003983
001300
006455
004449
000313
000677
001917
001002
003995
003200
005917
002860
002980
006440
006945
000319
002999
004820
001450
000711
002226
001379
007119
000905
000799
007211
002436
006141
002711
005791
006641
004555
003880
006386
007396
007079
004672
007123
001357
005143
002301
000977
003803
005142
002383
001407
005247
005708
003735
001958
001114
006280
005471
005679
006467
007350
005270
003256
007428
000992
006667
002262
005240
004302
007037
001883
002377
002379
007300
005563
002149
006785
003054
002500
001334
006506
006561
000358
000000
006538
005740
002616
004592
002129
004209
003312
004211
001075
003135
002252
001071
004500
004250
006493
002819
001666
000944
007445
001004
002786
001951
001194
005424
005276
001623
005326
006745
002474
001579
006110
006062
002177
000649
005523
000833
004881
006986
006057
006951
001869
002804
005603
003423
006142
002739
000213
000381
001208
005529
001704
000412
004517
001026
004828
001932
004730
007271
002657
007243
003050
006857
003987
001449
003818
002396
000366
007269
005047
000509
003733
006224
005454
003417
001900
004793
000094
004941
005661
000111
004993
005451
001929
003429
002707
003197
000538
005967
000145
005955
001385
003970
001175
006138
005102
004143
000870
004969
005812
000128
002180
005416
004729
001258
001303
006194
007196
003911
001773
006919
004241
000678
003768
005688
004070
001714
005381
003058
003322
005124
005197
005841
002400
002210
004356
001196
003974
006058
002317
002284
000347
000294
000557
005864
004012
003180
003909
004898
002288
005987
006104
000635
002449
003603
005351
005769
003940
001176
001833
001332
007380
005815
003529
005354
004748
005764
003379
001940
006439
002911
005832
005549
001488
001784
006192
005244
001848
006987
000551
001947
002224
006653
002232
004931
000868
000184
003265
003708
003665
006914
002464
006965
001741
001583
000720
004483
001724
003014
001589
006347
006866
006979
004651
004655
007093
004292
004431
004904
000057
003022
003914
006607
001896
005109
007184
000757
007423
004088
004964
001840
004316
005249
006362
007015
003458
001895
000861
006599
006178
005025
001170
001212
002686
004650
006417
002540
003727
001006
000038
003156
007190
000301
006704
004410
007319
000491
005681
005304
001576
002481
006686
004664
002399
001288
002897
003954
000254
002246
005307
003019
004573
004068
000384
007440
002801
005699
005368
004951
002230
003112
005468
004625
004974
003168
005827
005106
006729
006792
000003
000961
006739
003231
004222
002333
003597
002158
000978
004848
003128
005334
003072
004727
004075
000758
006230
003832
004732
007145
001993
001753
000955
002329
003694
001790
002511
001537
004725
006274
001473
006073
003159
006988
006935
003769
001015
004026
005422
005747
000457
003932
004206
000233
004803
000664
005101
003559
006985
004441
000573
003819
005001
003561
002416
001348
007045
000488
005612
004810
002157
005060
001686
000779
006593
007221
006970
001336
001508
002388
006514
002546
000277
003760
005790
002368
006064
004856
006910
000756
002975
005948
003668
006020
006548
002341
005443
000339
005018
005075
004087
004086
000838
007021
003278
000499
005287
002708
003618
004051
005868
003809
007272
003702
005049
005625
005011
004949
001005
000010
002618
006989
002418
006203
002045
006007
003794
006915
003870
004599
000760
005733
003333
001432
001834
001474
005512
005179
006564
001267
007268
006473
006164
000261
000035
005332
006335
006281
006638
006723
007314
004699
004896
000560
005504
007296
001352
006083
006263
000543
004821
002253
002691
005486
000317
001433
003468
003774
000620
000023
005224
003376
003302
003714
002389
006285
007002
003747
004805
001250
006409
001580
002929
002663
001105
004062
006679
007389
000048
005573
000269
003815
006127
002431
002806
006940
001328
001894
002462
006324
006462
002574
003835
006700
001361
007136
004721
005964
004427
004054
001660
004776
003504
003155
001533
004707
002393
005536
001167
005132
004757
001615
000351
003958
006143
007147
006632
007426
005370
002826
004218
005330
006282
001678
000329
005877
004770
002550
002646
005862
001291
006569
006865
002334
002723
004772
000872
000963
005086
005985
003051
004565
003009
005622
003209
006524
005824
007054
005186
004016
000903
001676
004101
006830
000862
006931
005756
005151
006333
000505
005147
000380
002724
002064
001030
004375
003284
002825
006746
001796
000552
007210
003919
004391
005510
007070
003956
003337
004575
001594
005692
006870
003896
001747
003502
005157
003521
002031
003670
005891
000667
005969
007441
005436
002939
005604
000999
007465
001333
007458
000051
006873
003567
005895
001226
001265
002834
005115
003653
006684
002016
001231
006647
003613
005356
005250
003793
000433
001157
003591
002494
003759
002750
002856
001155
005543
002876
002237
004433
001873
000639
003217
005909
002346
001911
003722
004857
003441
001504
005117
006629
003388
002865
001362
005560
002302
003411
007325
004741
005320
001783
004906
006634
006826
003305
000904
002293
006962
003375
001775
005188
002322
002902
007117
002163
005022
003273
001524
005915
005511
005551
002245
000603
002514
005593
003658
001001
000621
002832
000835
000994
002041
000263
005073
000709
006923
002216
007327
000887
001707
002465
000658
006272
004559
007094
001099
004471
007158
006427
003696
003149
005091
001277
005024
004570
006068
003661
000020
000053
003318
001121
007250
003821
006565
005644
005308
006250
006924
002307
001983
006286
001549
005193
007467
002071
001323
003300
000392
002536
000901
003850
005163
002973
001956
005048
007320
000823
006856
005508
000212
001541
005675
001564
005896
002328
004929
005121
000659
005387
000393
002933
005851
005684
000792
005119
002785
005572
006373
003470
001767
002029
003697
002839
006176
004253
002964
001259
001858
005585
005294
005411
006179
005231
006458
004340
007171
006492
002376
003029
006253
005847
007301
005822
005778
005957
002528
001458
001661
001501
001234
004911
006452
000630
000135
000171
001538
001070
004985
000869
003060
006031
004423
000897
002492
000134
002642
003481
006953
003511
004831
000691
003057
000895
003373
006841
003917
002199
004100
003667
002625
006128
001128
002369
001481
007090
002590
000602
001055
005662
005239
005682
001013
001591
002892
007167
005614
000785
007055
004232
002727
005905
004611
007456
004169
002504
005063
003592
006338
003801
001697
002675
001621
000218
004438
007371
005703
002161
007454
003251
007072
006376
007214
004373
000095
006814
002174
001544
002624
003520
007076
006626
000297
006412
002854
005613
007004
005030
007395
001392
001563
004998
001216
003275
006378
003953
002256
001635
005904
004950
007475
007131
007459
006196
007331
005090
004788
001217
000411
002965
004426
002843
001838
005531
002535
000736
005210
005152
006039
001154
005402
005823
003771
001618
002779
001716
006290
000295
001987
007352
000964
005561
004652
006983
005391
003966
000364
006748
006289
007417
005588
005770
005005
003452
004019
005365
001366
003477
006639
004474
001179
005306
006537
005825
003550
002217
001598
007041
000159
005004
006507
003360
001184
005852
006213
002526
003642
003194
006056
000106
007429
002673
000077
007011
000133
000342
006613
005282
002917
001779
003588
004053
002559
003369
005592
006361
000529
004720
002872
004767
006295
000445
006500
005799
001251
002141
003335
001298
005892
007122
000379
003262
006620
000690
006954
002027
003528
001810
006708
001586
003866
000610
001368
001077
003971
000654
001082
003431
004878
007057
002354
002057
004132
003778
004098
003792
001315
002135
005475
004954
000546
006255
001244
002106
006842
001028
000568
001200
005264
006801
005932
001264
006897
004815
005875
006311
004021
006666
002647
001679
000404
002022
003611
004855
001942
000850
003465
006023
006069
003837
004176
003070
005100
005630
001733
001203
001799
002193
000922
003190
004042
000220
004413
002435
000434
006399
005836
004223
007375
003652
003304
003157
001791
000307
002512
004909
005804
004279
003786
004304
002830
005029
007385
001680
004799
006736
002347
001388
001606
000018
006266
000776
004890
004429
001511
002818
006229
005460
003154
006414
003676
000822
007096
005924
004451
006516
005668
007065
002441
004706
004038
000906
000127
005546
003091
002321
005745
005705
005221
001337
002880
001497
001116
007034
004006
000886
002729
006136
005263
002731
005469
000582
001659
003829
006205
000898
005814
004235
003308
000370
001981
006365
000575
005133
004084
006665
006251
007412
004077
000991
003324
007273
000852
000815
003838
005903
005970
005290
005937
000217
005173
000458
001802
006583
003471
001404
005339
004597
000521
004539
007418
005403
005996
004986
000030
002516
004983
005442
004658
006395
004530
007007
003110
003232
001528
000466
001125
000636
006894
005974
000386
007191
006683
006392
004252
005377
005779
002087
005280
004943
002626
005972
003223
002641
006270
001569
001878
007206
003105
007159
004257
001249
002247
001151
003039
005958
006948
000002
006187
001845
007347
006768
002357
005711
000203
003078
006994
003963
004847
006297
000701
003900
005488
005871
005501
007447
001442
006240
006384
002351
004023
003515
000915
002556
002515
003817
000204
003234
004622
000600
001699
004978
005383
006343
006277
002371
004942
006310
006504
005635
007316
000920
004351
000973
003204
006671
001908
000619
006966
000437
005976
004926
003886
001046
004792
001122
007133
001101
002595
000653
001190
003028
003436
000137
006959
003424
006330
005872
005434
005803
002409
005019
000323
007183
002061
005654
002716
005550
005120
001610
001856
004571
007014
007060
004357
005440
003874
004779
006374
000143
005175
006517
001049
003317
002387
006313
006082
001921
002335
003229
000680
007334
007306
004248
002871
002115
004127
003306
007150
003584
003008
001656
000719
005232
007436
006111
004121
004339
004089
000047
000071
003674
007115
003013
001663
001734
004687
006241
002827
002811
001829
002799
007061
002391
000209
002997
005660
007280
001605
007386
002986
006859
004936
003121
004381
006222
005499
001798
002543
002844
003627
003788
003158
001413
005672
000230
006802
001550
007326
005347
004713
006239
002809
006732
001280
003006
002976
000291
000988
004142
001619
002899
000431
003508
005459
004116
003629
002859
006751
004014
004794
007293
001647
001886
002950
004534
003706
007025
004221
000266
000033
000372
007166
001924
005116
002278
000570
006446
000224
007317
007387
005162
005234
004350
005570
004560
007346
001117
002413
006345
001817
001622
000874
000637
001019
001507
005481
007354
003889
003641
007129
006045
001437
002003
001743
006198
002649
003884
005738
000703
006096
004540
004869
000661
005842
004497
002160
002525
001468
004080
007027
004925
000836
006114
000469
002560
003445
006215
003129
006078
005388
002358
007008
005532
006643
005371
000275
005452
001440
006766
000216
005094
000764
005172
003776
001785
004967
006490
003525
001766
001750
005857
002297
006012
006154
003348
000938
000338
001188
001593
002677
001565
001304
001387
003512
004591
005394
003878
000851
002628
003038
001934
006541
000210
001111
003616
000102
003216
005950
002681
004557
005878
001918
007173
004059
000706
007462
001574
005886
000622
000899
005145
004301
003361
004830
000064
004469
001033
006999
005182
003153
004726
000657
001596
005995
004604
004724
004013
004867
006543
005369
006123
005817
002883
002934
003325
002231
005743
005939
006051
001172
001542
002258
001628
005530
002898
001422
006332
001971
003065
001691
004399
000704
004768
006147
003897
004895
004450
002084
002225
005466
000656
001763
000663
001717
006302
005020
003408
001935
007062
006227
006553
006485
006584
001113
007109
002094
001632
004074
007237
002928
003453
005728
006921
003434
000773
006195
006468
005243
001053
003338
000909
001730
003890
004602
003795
002156
002539
003343
007324
005936
007249
006353
004735
004989
006871
006733
000950
004196
007048
001612
004140
002097
005796
005533
004932
007100
005616
003010
006678
000927
003472
000972
001400
006421
007258
007160
006381
002790
005606
005159
001955
004262
004680
003976
007480
000149
001141
005138
007353
000139
002745
005683
003646
004786
004678
000420
003414
003842
002719
002722
001933
007260
007378
007155
001854
004117
004919
002608
004402
001523
001865
000698
005505
003031
007308
003839
006010
005657
002107
006258
001329
004809
002316
007029
007069
001174
006303
004843
002053
000113
001571
003071
002004
006235
002988
001813
002932
004814
006757
001760
000684
006318
004390
003705
007398
002519
004361
007082
002414
003451
004607
000151
005846
001372
004616
007170
004677
004452
001862
006228
003130
002654
002562
000451
003688
001885
003123
005695
004791
002401
003585
001718
003845
007157
004344
007058
002580
005882
003554
002813
006243
000435
007414
006107
005840
001545
000937
006743